[[  1.   1.]
 [  1.   1.]
 [  1.   1.]
 [  1.   1.]
 [  1.   1.]
 [  1.   1.]
 [  1.   1.]
 [111. 348.]
 [  1.   1.]
 [  1.   1.]]
[[  1.   1.]
 [  1.   1.]
 [  1.   1.]
 [ 95. 472.]
 [  1.   1.]
 [  1.   1.]
 [  1.   1.]
 [111. 348.]
 [  1.   1.]
 [  1.   1.]]
[[  1.   1.]
 [  1.   1.]
 [  1.   1.]
 [ 95. 472.]
 [  1.   1.]
 [  1.   1.]
 [  1.   1.]
 [111. 348.]
 [  1.   1.]
 [ 55. 595.]]
[[  1.   1.]
 [  1.   1.]
 [  1.   1.]
 [ 95. 472.]
 [  1.   1.]
 [  1.   1.]
 [186. 498.]
 [111. 348.]
 [  1.   1.]
 [ 55. 595.]]
[[  1.   1.]
 [  1.   1.]
 [  1.   1.]
 [ 95. 472.]
 [  1.   1.]
 [183. 530.]
 [186. 498.]
 [111. 348.]
 [  1.   1.]
 [ 55. 595.]]
[[  1.   1.]
 [  1.   1.]
 [  1.   1.]
 [ 95. 472.]
 [  1.   1.]
 [183. 530.]
 [186. 498.]
 [111. 348.]
 [ 99. 645.]
 [ 55. 595.]]
[[  1.   1.]
 [  1.   1.]
 [  1.   1.]
 [ 95. 472.]
 [  1.   1.]
 [183. 530.]
 [186. 498.]
 [290. 938.]
 [ 99. 645.]
 [ 55. 595.]]
[[  1.   1.]
 [  1.   1.]
 [  1.   1.]
 [ 95. 472.]
 [262. 538.]
 [183. 530.]
 [186. 498.]
 [290. 938.]
 [ 99. 645.]
 [ 55. 595.]]
[[1.000e+00 1.000e+00]
 [1.000e+00 1.000e+00]
 [1.000e+00 1.000e+00]
 [9.500e+01 4.720e+02]
 [4.990e+02 1.121e+03]
 [1.830e+02 5.300e+02]
 [1.860e+02 4.980e+02]
 [2.900e+02 9.380e+02]
 [9.900e+01 6.450e+02]
 [5.500e+01 5.950e+02]]
[[1.000e+00 1.000e+00]
 [1.000e+00 1.000e+00]
 [1.000e+00 1.000e+00]
 [9.500e+01 4.720e+02]
 [4.990e+02 1.121e+03]
 [1.830e+02 5.300e+02]
 [3.810e+02 1.137e+03]
 [2.900e+02 9.380e+02]
 [9.900e+01 6.450e+02]
 [5.500e+01 5.950e+02]]
[[1.000e+00 1.000e+00]
 [1.000e+00 1.000e+00]
 [1.180e+02 3.400e+02]
 [9.500e+01 4.720e+02]
 [4.990e+02 1.121e+03]
 [1.830e+02 5.300e+02]
 [3.810e+02 1.137e+03]
 [2.900e+02 9.380e+02]
 [9.900e+01 6.450e+02]
 [5.500e+01 5.950e+02]]
[[1.000e+00 1.000e+00]
 [7.300e+01 3.860e+02]
 [1.180e+02 3.400e+02]
 [9.500e+01 4.720e+02]
 [4.990e+02 1.121e+03]
 [1.830e+02 5.300e+02]
 [3.810e+02 1.137e+03]
 [2.900e+02 9.380e+02]
 [9.900e+01 6.450e+02]
 [5.500e+01 5.950e+02]]
[[1.000e+00 1.000e+00]
 [7.300e+01 3.860e+02]
 [1.180e+02 3.400e+02]
 [9.500e+01 4.720e+02]
 [4.990e+02 1.121e+03]
 [1.830e+02 5.300e+02]
 [3.810e+02 1.137e+03]
 [3.990e+02 1.285e+03]
 [9.900e+01 6.450e+02]
 [5.500e+01 5.950e+02]]
[[1.000e+00 1.000e+00]
 [7.300e+01 3.860e+02]
 [1.180e+02 3.400e+02]
 [9.500e+01 4.720e+02]
 [4.990e+02 1.121e+03]
 [1.830e+02 5.300e+02]
 [3.810e+02 1.137e+03]
 [4.930e+02 1.649e+03]
 [9.900e+01 6.450e+02]
 [5.500e+01 5.950e+02]]
[[1.000e+00 1.000e+00]
 [7.300e+01 3.860e+02]
 [1.180e+02 3.400e+02]
 [9.500e+01 4.720e+02]
 [4.990e+02 1.121e+03]
 [1.830e+02 5.300e+02]
 [3.810e+02 1.137e+03]
 [6.020e+02 1.997e+03]
 [9.900e+01 6.450e+02]
 [5.500e+01 5.950e+02]]
[[1.000e+00 1.000e+00]
 [7.300e+01 3.860e+02]
 [1.180e+02 3.400e+02]
 [9.500e+01 4.720e+02]
 [6.310e+02 1.448e+03]
 [1.830e+02 5.300e+02]
 [3.810e+02 1.137e+03]
 [6.020e+02 1.997e+03]
 [9.900e+01 6.450e+02]
 [5.500e+01 5.950e+02]]
[[1.000e+00 1.000e+00]
 [7.300e+01 3.860e+02]
 [1.180e+02 3.400e+02]
 [9.500e+01 4.720e+02]
 [6.310e+02 1.448e+03]
 [1.830e+02 5.300e+02]
 [3.810e+02 1.137e+03]
 [7.000e+02 2.350e+03]
 [9.900e+01 6.450e+02]
 [5.500e+01 5.950e+02]]
[[1.000e+00 1.000e+00]
 [7.300e+01 3.860e+02]
 [1.180e+02 3.400e+02]
 [9.500e+01 4.720e+02]
 [6.310e+02 1.448e+03]
 [1.830e+02 5.300e+02]
 [3.810e+02 1.137e+03]
 [7.960e+02 2.711e+03]
 [9.900e+01 6.450e+02]
 [5.500e+01 5.950e+02]]
[[1.000e+00 1.000e+00]
 [7.300e+01 3.860e+02]
 [1.180e+02 3.400e+02]
 [9.500e+01 4.720e+02]
 [6.310e+02 1.448e+03]
 [1.830e+02 5.300e+02]
 [5.050e+02 1.470e+03]
 [7.960e+02 2.711e+03]
 [9.900e+01 6.450e+02]
 [5.500e+01 5.950e+02]]
[[1.000e+00 1.000e+00]
 [7.300e+01 3.860e+02]
 [1.180e+02 3.400e+02]
 [9.500e+01 4.720e+02]
 [6.310e+02 1.448e+03]
 [1.830e+02 5.300e+02]
 [5.050e+02 1.470e+03]
 [8.970e+02 3.066e+03]
 [9.900e+01 6.450e+02]
 [5.500e+01 5.950e+02]]
[[1.000e+00 1.000e+00]
 [7.300e+01 3.860e+02]
 [1.180e+02 3.400e+02]
 [9.500e+01 4.720e+02]
 [6.310e+02 1.448e+03]
 [1.830e+02 5.300e+02]
 [5.050e+02 1.470e+03]
 [1.008e+03 3.410e+03]
 [9.900e+01 6.450e+02]
 [5.500e+01 5.950e+02]]
[[1.000e+00 1.000e+00]
 [7.300e+01 3.860e+02]
 [1.180e+02 3.400e+02]
 [9.500e+01 4.720e+02]
 [7.770e+02 1.761e+03]
 [1.830e+02 5.300e+02]
 [5.050e+02 1.470e+03]
 [1.008e+03 3.410e+03]
 [9.900e+01 6.450e+02]
 [5.500e+01 5.950e+02]]
[[1.000e+00 1.000e+00]
 [7.300e+01 3.860e+02]
 [1.180e+02 3.400e+02]
 [9.500e+01 4.720e+02]
 [9.280e+02 2.064e+03]
 [1.830e+02 5.300e+02]
 [5.050e+02 1.470e+03]
 [1.008e+03 3.410e+03]
 [9.900e+01 6.450e+02]
 [5.500e+01 5.950e+02]]
[[1.000e+00 1.000e+00]
 [7.300e+01 3.860e+02]
 [1.180e+02 3.400e+02]
 [9.500e+01 4.720e+02]
 [1.063e+03 2.381e+03]
 [1.830e+02 5.300e+02]
 [5.050e+02 1.470e+03]
 [1.008e+03 3.410e+03]
 [9.900e+01 6.450e+02]
 [5.500e+01 5.950e+02]]
[[1.000e+00 1.000e+00]
 [7.300e+01 3.860e+02]
 [1.180e+02 3.400e+02]
 [9.500e+01 4.720e+02]
 [1.223e+03 2.679e+03]
 [1.830e+02 5.300e+02]
 [5.050e+02 1.470e+03]
 [1.008e+03 3.410e+03]
 [9.900e+01 6.450e+02]
 [5.500e+01 5.950e+02]]
[[1.000e+00 1.000e+00]
 [7.300e+01 3.860e+02]
 [1.180e+02 3.400e+02]
 [9.500e+01 4.720e+02]
 [1.367e+03 2.988e+03]
 [1.830e+02 5.300e+02]
 [5.050e+02 1.470e+03]
 [1.008e+03 3.410e+03]
 [9.900e+01 6.450e+02]
 [5.500e+01 5.950e+02]]
[[1.000e+00 1.000e+00]
 [7.300e+01 3.860e+02]
 [1.180e+02 3.400e+02]
 [9.500e+01 4.720e+02]
 [1.521e+03 3.293e+03]
 [1.830e+02 5.300e+02]
 [5.050e+02 1.470e+03]
 [1.008e+03 3.410e+03]
 [9.900e+01 6.450e+02]
 [5.500e+01 5.950e+02]]
[[1.000e+00 1.000e+00]
 [7.300e+01 3.860e+02]
 [1.180e+02 3.400e+02]
 [9.500e+01 4.720e+02]
 [1.667e+03 3.597e+03]
 [1.830e+02 5.300e+02]
 [5.050e+02 1.470e+03]
 [1.008e+03 3.410e+03]
 [9.900e+01 6.450e+02]
 [5.500e+01 5.950e+02]]
[[1.000e+00 1.000e+00]
 [7.300e+01 3.860e+02]
 [1.180e+02 3.400e+02]
 [9.500e+01 4.720e+02]
 [1.813e+03 3.904e+03]
 [1.830e+02 5.300e+02]
 [5.050e+02 1.470e+03]
 [1.008e+03 3.410e+03]
 [9.900e+01 6.450e+02]
 [5.500e+01 5.950e+02]]
[[1.000e+00 1.000e+00]
 [7.300e+01 3.860e+02]
 [1.180e+02 3.400e+02]
 [9.500e+01 4.720e+02]
 [1.965e+03 4.208e+03]
 [1.830e+02 5.300e+02]
 [5.050e+02 1.470e+03]
 [1.008e+03 3.410e+03]
 [9.900e+01 6.450e+02]
 [5.500e+01 5.950e+02]]
[[1.000e+00 1.000e+00]
 [7.300e+01 3.860e+02]
 [1.180e+02 3.400e+02]
 [9.500e+01 4.720e+02]
 [2.108e+03 4.520e+03]
 [1.830e+02 5.300e+02]
 [5.050e+02 1.470e+03]
 [1.008e+03 3.410e+03]
 [9.900e+01 6.450e+02]
 [5.500e+01 5.950e+02]]
[[1.000e+00 1.000e+00]
 [7.300e+01 3.860e+02]
 [1.180e+02 3.400e+02]
 [9.500e+01 4.720e+02]
 [2.267e+03 4.821e+03]
 [1.830e+02 5.300e+02]
 [5.050e+02 1.470e+03]
 [1.008e+03 3.410e+03]
 [9.900e+01 6.450e+02]
 [5.500e+01 5.950e+02]]
[[1.000e+00 1.000e+00]
 [7.300e+01 3.860e+02]
 [1.180e+02 3.400e+02]
 [9.500e+01 4.720e+02]
 [2.267e+03 4.821e+03]
 [3.130e+02 8.550e+02]
 [5.050e+02 1.470e+03]
 [1.008e+03 3.410e+03]
 [9.900e+01 6.450e+02]
 [5.500e+01 5.950e+02]]
[[1.000e+00 1.000e+00]
 [7.300e+01 3.860e+02]
 [1.180e+02 3.400e+02]
 [9.500e+01 4.720e+02]
 [2.395e+03 5.150e+03]
 [3.130e+02 8.550e+02]
 [5.050e+02 1.470e+03]
 [1.008e+03 3.410e+03]
 [9.900e+01 6.450e+02]
 [5.500e+01 5.950e+02]]
[[1.000e+00 1.000e+00]
 [7.300e+01 3.860e+02]
 [1.180e+02 3.400e+02]
 [9.500e+01 4.720e+02]
 [2.395e+03 5.150e+03]
 [3.130e+02 8.550e+02]
 [5.050e+02 1.470e+03]
 [1.110e+03 3.762e+03]
 [9.900e+01 6.450e+02]
 [5.500e+01 5.950e+02]]
[[  24.  436.]
 [  73.  386.]
 [ 118.  340.]
 [  95.  472.]
 [2395. 5150.]
 [ 313.  855.]
 [ 505. 1470.]
 [1110. 3762.]
 [  99.  645.]
 [  55.  595.]]
[[  24.  436.]
 [  73.  386.]
 [ 118.  340.]
 [  95.  472.]
 [2565. 5541.]
 [ 313.  855.]
 [ 505. 1470.]
 [1110. 3762.]
 [  99.  645.]
 [  55.  595.]]
[[  24.  436.]
 [  73.  386.]
 [ 118.  340.]
 [  95.  472.]
 [2700. 5864.]
 [ 313.  855.]
 [ 505. 1470.]
 [1110. 3762.]
 [  99.  645.]
 [  55.  595.]]
[[  24.  436.]
 [  73.  386.]
 [ 118.  340.]
 [  95.  472.]
 [2837. 6183.]
 [ 313.  855.]
 [ 505. 1470.]
 [1110. 3762.]
 [  99.  645.]
 [  55.  595.]]
[[  24.  436.]
 [  73.  386.]
 [ 118.  340.]
 [  95.  472.]
 [2998. 6583.]
 [ 313.  855.]
 [ 505. 1470.]
 [1110. 3762.]
 [  99.  645.]
 [  55.  595.]]
